1
0
0
1
0
0
0
0
1
1
0
0
1
0
0
1
1
0
0
0
19
149
130
160
150
163
134
137
151
155
145
139
2
0
1
0
0
0
0
0
0
0
0
0
0
0
0
0
0
0
0
7
135
170
151
159
149
161
151
117
158
144
145
139
2
0
0
0
1
0
1
1
0
0
0
0
0
0
1
0
0
0
1
108
165
175
157
97
86
158
161
121
141
147
145
145
2
1
1
1
0
1
0
0
0
1
1
0
0
1
0
0
1
1
80
137
180
132
67
78
174
184
163
149
118
148
150
155
2
0
0
1
1
1
0
0
0
1
0
1
0
0
0
0
1
52
176
159
115
61
133
54
62
209
159
157
116
154
158
159
1
0
0
1
0
1
1
1
0
1
1
0
0
1
1
0
27
160
164
96
73
135
215
41
19
216
161
163
138
138
160
166
1
1
1
0
0
0
1
1
1
1
1
1
0
0
0
10
155
148
75
109
128
27
196
80
53
196
184
166
170
118
166
167
0
0
0
0
0
0
0
0
0
1
1
1
0
0
3
129
142
83
168
78
92
36
131
142
80
165
218
173
174
130
157
167
0
0
0
0
0
0
1
0
0
0
0
1
1
1
95
135
87
129
191
77
33
43
146
188
71
109
232
178
179
171
118
167
1
0
1
1
0
0
1
1
1
1
0
0
1
62
132
101
122
97
165
88
51
126
136
216
62
28
190
194
178
175
117
167
2
0
0
0
1
0
0
0
1
1
1
0
35
125
94
187
88
56
142
113
57
126
133
209
106
51
119
217
180
174
152
130
2
0
0
0
0
0
1
0
0
0
0
15
129
101
118
152
60
67
129
143
88
112
82
174
150
45
61
239
176
166
173
116
18
4
2
1
1
0
0
0
0
0
4
117
93
166
61
133
75
88
146
169
105
85
63
141
190
60
49
207
192
176
176
133
9
6
4
1
1
1
1
0
0
1
103
108
124
117
45
130
126
148
143
183
95
89
100
146
216
75
43
143
217
177
173
169
9
9
11
4
3
2
1
0
1
66
138
98
98
108
48
155
149
145
139
200
141
155
98
108
224
122
63
93
240
179
175
172
1
9
9
8
7
6
4
2
2
146
96
104
82
107
104
179
137
129
173
217
155
148
138
127
207
156
74
51
225
190
176
173
0
14
13
13
11
10
8
6
9
140
91
88
88
140
103
147
157
175
188
225
186
167
140
109
179
188
78
81
174
193
178
173
5
18
17
16
15
13
12
11
74
120
69
107
89
140
71
149
166
181
210
230
197
172
151
127
163
195
208
223
204
205
175
170
3
24
22
21
28
22
17
51
107
85
82
122
64
134
76
116
180
182
233
235
209
195
199
216
207
200
203
215
232
205
170
170
19
40
40
56
60
34
74
96
94
6
42
95
82
134
61
96
108
106
209
224
217
209
209
210
231
199
163
127
95
82
127
174
92
105
134
111
49
101
118
145
19
0
11
92
67
111
11
71
167
194
210
209
217
211
169
127
91
83
82
78
73
66
84
174
146
136
118
128
75
120
105
24
2
0
6
47
10
124
150
202
214
211
175
123
64
37
38
52
53
51
49
43
39
30
25
156
135
134
153
115
136
144
10
1
0
0
6
38
68
205
195
144
70
13
6
3
18
105
11
2
5
4
4
3
1
0
0
97
150
176
148
153
192
45
0
1
0
0
5
7
7
50
4
0
0
0
0
0
28
192
26
0
0
0
0
0
0
0
0
40
175
143
112
106
141
9
0
1
0
0
1
0
0
0
0
0
0
0
0
0
6
199
38
0
0
0
1
0
8
38
52
2
120
78
63
79
102
0
0
1
0
0
0
0
0
0
0
0
0
0
0
0
0
185
58
4
43
64
69
1
13
73
69
11
73
29
11
102
145
0
0
0
0
0
0
0
0
0
0
0
0
0
2
16
10
162
81
8
51
93
74
12
0
39
47
27
15
2
1
108
57
0
0
0
0
0
0
0
0
0
0
1
1
0
1
5
5
137
98
1
2
45
14
39
34
3
14
45
1
0
14
114
47
0
0
0
0
0
0
0
0
0
1
0
0
0
0
3
1
113
120
0
1
23
18
80
107
7
17
21
8
8
39
135
30
0
0
0
0
0
0
0
0
0
0
0
0
0
0
0
0
87
139
3
0
0
1
31
126
16
6
1
3
0
2
3
0
0
0
0
0
0
0
0
0
0
0
0
0
0
0
0
0
29
136
20
1
0
0
1
105
49
16
27
1
1
1
1
0
0
0
0
0
0
0
0
0
0
0
0
1
2
2
1
1
5
49
44
43
42
53
75
94
96
94
91
